25 25
0 0 0 0 0 0 0 0 0 0 0 0 0 0 0 0 0 0 0 0 0 0 0 0 0 0 0 0 0 0 0 0 0 0 0 0 0 0 0 0 0 0 0 0 0 0 0 0 0 0 0 0 0 0 0 0 0 0 0 0 0 0 0 0 0 0 0 0 0 0 0 0 0 0 0 
0 0 0 0 0 0 0 0 0 0 0 0 0 0 0 0 0 0 0 0 0 0 0 0 232 93 11 238 118 17 240 127 19 241 131 19 242 132 19 241 131 19 240 127 19 238 118 17 232 93 11 0 0 0 0 0 0 0 0 0 0 0 0 0 0 0 0 0 0 0 0 0 0 0 0 
0 0 0 0 0 0 0 0 0 0 0 0 0 0 0 0 0 0 234 103 15 241 128 20 243 140 22 246 152 31 248 164 46 249 173 61 250 177 66 249 173 61 248 164 46 246 152 31 243 140 22 241 128 20 234 103 15 0 0 0 0 0 0 0 0 0 0 0 0 0 0 0 0 0 0 
0 0 0 0 0 0 0 0 0 0 0 0 0 0 0 238 121 20 243 139 23 247 159 38 251 187 83 253 213 139 254 227 175 255 234 191 255 235 195 255 234 191 254 227 175 253 213 139 251 187 83 247 159 38 243 139 23 238 121 20 0 0 0 0 0 0 0 0 0 0 0 0 0 0 0 
0 0 0 0 0 0 0 0 0 0 0 0 237 124 21 244 146 26 250 175 56 254 213 136 255 234 188 255 237 197 255 238 196 255 237 196 255 237 195 255 237 196 255 238 196 255 237 197 255 234 188 254 213 136 250 175 56 244 146 26 237 124 21 0 0 0 0 0 0 0 0 0 0 0 0 
0 0 0 0 0 0 0 0 0 232 119 19 244 146 27 251 180 58 255 219 146 255 232 180 255 233 179 255 233 178 255 233 178 255 233 178 255 233 178 255 233 178 255 233 178 255 233 178 255 233 179 255 232 180 255 219 146 251 180 58 244 146 27 232 119 19 0 0 0 0 0 0 0 0 0 
0 0 0 0 0 0 199 76 8 241 141 25 250 173 44 255 213 122 255 228 162 255 228 160 255 228 160 255 228 160 255 228 160 255 228 160 255 228 160 255 228 160 255 228 160 255 228 160 255 228 160 255 228 160 255 228 162 255 213 122 250 173 44 241 141 25 198 76 8 0 0 0 0 0 0 
0 0 0 0 0 0 233 127 22 247 160 33 254 198 78 255 221 138 255 223 141 255 223 140 255 223 141 255 224 141 255 223 141 255 223 140 255 223 140 255 223 140 255 223 141 255 224 141 255 223 141 255 223 140 255 223 141 255 221 138 254 198 78 247 160 33 233 127 22 0 0 0 0 0 0 
0 0 0 135 21 0 240 143 27 251 179 44 255 208 96 255 218 121 255 218 120 255 218 120 249 213 117 230 194 105 248 212 117 255 218 121 255 218 120 255 218 121 248 212 117 230 194 105 249 213 117 255 218 120 255 218 120 255 218 121 255 208 96 251 179 44 240 143 27 134 21 0 0 0 0 
0 0 0 215 112 17 245 156 32 254 191 53 255 209 91 255 213 101 255 213 101 253 211 100 185 143 58 138 91 21 180 138 54 251 210 97 255 213 98 251 210 97 180 138 54 138 91 21 185 143 58 253 211 100 255 213 101 255 213 101 255 209 91 254 191 53 245 156 32 215 112 17 0 0 0 
0 0 0 225 125 21 248 167 37 255 197 56 255 206 76 255 208 83 255 209 81 233 188 68 153 101 21 161 101 17 151 98 19 229 181 56 255 207 66 229 181 56 151 98 19 161 101 17 153 101 21 233 188 68 255 209 81 255 208 83 255 206 76 255 197 56 248 167 37 225 125 21 0 0 0 
0 0 0 230 132 23 250 173 40 255 198 58 255 203 62 255 203 63 255 205 62 217 169 48 165 120 29 215 175 54 167 122 30 211 163 45 255 207 62 211 163 45 167 122 30 215 175 54 165 120 29 217 169 48 255 205 62 255 203 63 255 202 62 255 198 58 250 173 40 230 132 23 0 0 0 
0 0 0 231 134 24 250 174 40 255 197 56 255 200 58 255 200 58 255 204 59 234 190 54 226 186 54 255 211 61 228 189 55 231 188 53 255 208 59 231 188 53 228 189 55 255 211 61 226 186 54 234 190 54 255 203 59 255 200 58 255 200 58 255 197 56 250 174 40 231 134 24 0 0 0 
0 0 0 225 130 23 249 171 36 255 195 49 255 199 51 253 198 49 218 166 42 189 142 43 192 146 48 192 145 48 192 147 48 192 147 48 190 143 45 192 147 48 191 145 46 191 145 47 192 146 48 189 141 42 218 166 41 253 198 49 255 198 51 255 195 49 249 171 36 225 130 23 0 0 0 
0 0 0 211 120 20 246 166 32 254 193 42 255 200 43 210 160 43 159 135 108 168 157 152 206 196 191 201 192 187 195 186 181 213 203 198 189 180 174 211 202 196 192 182 177 193 184 179 207 198 193 165 155 150 153 128 100 207 157 40 255 200 43 254 192 42 246 165 32 211 120 20 0 0 0 
0 0 0 184 99 16 241 157 29 254 191 39 252 199 41 168 129 62 192 178 170 195 183 175 231 220 212 224 214 206 220 210 201 242 232 224 215 205 198 239 230 221 220 209 200 218 206 197 232 220 211 194 182 175 188 174 166 162 123 56 252 198 41 254 190 39 241 157 29 184 99 16 0 0 0 
0 0 0 62 13 0 229 142 26 252 184 37 251 200 43 164 131 71 191 177 169 201 190 182 232 221 214 226 215 206 221 208 198 239 226 216 212 199 188 237 225 215 222 209 199 219 206 194 235 222 213 202 191 183 190 176 169 159 125 67 251 198 42 252 183 36 229 141 26 62 13 0 0 0 0 
0 0 0 0 0 0 199 115 20 245 166 32 255 201 41 199 164 66 144 121 103 156 140 131 182 166 157 178 163 155 175 160 152 189 173 164 169 155 147 187 171 162 176 161 153 176 161 153 187 172 163 156 141 133 140 117 100 198 162 64 255 199 41 245 166 32 199 115 20 0 0 0 0 0 0 
0 0 0 0 0 0 88 37 5 222 138 25 252 183 36 248 203 49 202 174 73 169 144 83 168 143 86 167 143 85 168 143 86 169 144 86 167 143 85 168 144 86 168 143 85 168 143 86 168 142 86 169 143 82 202 173 73 248 202 48 252 182 36 222 138 25 87 38 5 0 0 0 0 0 0 
0 0 0 0 0 0 0 0 0 158 88 14 231 150 27 253 190 38 253 211 44 247 217 50 246 218 52 246 220 51 246 221 51 246 221 51 246 221 51 246 221 51 246 220 51 246 218 51 246 217 51 247 215 50 253 210 44 253 190 38 231 149 27 158 88 14 0 0 0 0 0 0 0 0 0 
0 0 0 0 0 0 0 0 0 0 0 0 165 95 16 229 150 28 252 187 37 255 209 43 255 219 44 255 223 45 255 225 45 255 225 45 255 226 45 255 225 45 255 224 45 255 221 45 255 217 44 255 208 42 252 186 37 229 150 28 165 95 16 0 0 0 0 0 0 0 0 0 0 0 0 
0 0 0 0 0 0 0 0 0 0 0 0 0 0 0 143 81 13 215 136 24 244 171 33 253 195 39 255 209 43 255 216 44 255 219 45 255 221 45 255 219 45 255 215 44 255 208 43 253 194 39 244 171 33 215 136 24 143 81 13 0 0 0 0 0 0 0 0 0 0 0 0 0 0 0 
0 0 0 0 0 0 0 0 0 0 0 0 0 0 0 0 0 0 76 38 6 173 103 18 217 140 25 237 163 31 246 178 35 250 187 37 251 190 38 250 187 37 246 178 35 237 163 30 217 140 25 173 103 18 76 38 6 0 0 0 0 0 0 0 0 0 0 0 0 0 0 0 0 0 0 
0 0 0 0 0 0 0 0 0 0 0 0 0 0 0 0 0 0 0 0 0 0 0 0 52 24 3 133 74 12 175 104 18 194 119 21 200 124 21 194 119 21 175 104 18 133 74 12 52 24 3 0 0 0 0 0 0 0 0 0 0 0 0 0 0 0 0 0 0 0 0 0 0 0 0 
0 0 0 0 0 0 0 0 0 0 0 0 0 0 0 0 0 0 0 0 0 0 0 0 0 0 0 0 0 0 0 0 0 0 0 0 0 0 0 0 0 0 0 0 0 0 0 0 0 0 0 0 0 0 0 0 0 0 0 0 0 0 0 0 0 0 0 0 0 0 0 0 0 0 0 
