3.92
4.00
1.17
4.00
1.42
1.50
3.08
2.17
1.92
4.00
3.83
0.00
2.25
1.42
2.83
3.67
1.33
1.17
3.50
4.00
4.00
4.00
0.58
4.00
0.00
4.00
3.67
1.67
2.00
4.00
2.08
2.67
1.92
3.67
4.00
4.00
1.75
0.33
1.00
1.92
4.00
0.58
0.75
1.33
0.67
0.00
4.00
3.83
1.25
0.08
2.67
3.58
2.67
1.50
1.92
3.67
0.42
2.75
0.17
1.67
0.17
0.25
2.08
2.92
2.00
0.83
1.08
2.83
0.00
0.75
3.08
0.67
0.42
3.33
1.92
3.83
0.50
3.67
1.92
4.00
0.58
0.33
1.33
0.75
0.83
4.00
0.67
3.42
0.58
0.00
4.00
0.33
1.00
1.00
1.00
0.58
4.00
0.00
3.50
2.58
0.00
1.33
1.08
0.42
4.00
4.00
0.33
2.00
3.25
2.58
4.00
0.50
3.58
4.00
1.67
3.17
3.17
1.00
0.75
2.58
3.50
0.00
0.00
1.50
3.67
2.17
0.75
3.42
3.25
1.08
1.58
3.92
1.92
4.00
4.00
0.08
2.83
2.42
2.75
3.50
3.50
2.25
1.50
4.00
2.75
2.08
3.33
4.00
3.67
3.58
2.25
4.00
3.42
4.00
3.08
3.33
1.33
3.50
2.92
0.25
0.42
4.00
0.08
0.75
0.00
1.08
1.42
1.75
1.83
2.75
4.00
0.17
4.00
4.00
3.42
3.00
3.83
1.67
3.25
4.00
3.25
2.92
1.58
4.00
3.75
1.67
1.50
2.83
2.83
4.00
4.00
2.75
3.33
0.08
1.67
4.00
3.25
4.00
1.17
4.00
3.33
1.75
3.42
4.00
0.75
2.17
2.33
4.00
0.17
4.00
0.33
3.08
4.00
4.00
4.00
0.17
2.42
1.50
1.00
3.83
0.33
3.75
0.67
4.00
3.08
1.00
2.58
3.67
3.50
4.00
2.33
4.00
3.17
3.25
4.00
3.58
1.83
3.17
1.17
4.00
3.58
0.33
4.00
4.00
1.92
4.00
2.08
0.33
2.50
2.08
4.00
4.00
1.67
2.83
4.00
0.83
2.67
2.58
1.92
1.33
2.17
0.50
2.50
2.83
1.25
4.00
3.92
0.00
2.25
0.08
4.00
3.08
2.50
0.42
4.00
0.00
0.33
0.67
3.83
0.00
0.75
1.42
1.92
0.92
0.92
4.00
2.33
0.83
0.75
3.00
3.33
3.50
1.58
0.33
4.00
2.83
1.17
2.25
3.08
3.33
0.25
2.75
2.00
1.83
2.50
4.00
0.25
4.00
3.83
2.33
4.00
4.00
4.00
1.58
1.92
0.75
1.33
2.25
1.83
4.00
0.67
4.00
4.00
3.75
4.00
4.00
3.67
2.75
2.08
2.17
0.75
3.42
0.17
0.92
3.58
0.33
4.00
3.25
1.75
4.00
0.58
3.92
0.75
3.42
0.17
0.92
3.58
0.33
4.00
3.25
1.75
4.00
0.58
3.92
4.00
4.00
4.00
4.00
2.50
2.42
3.33
0.42
1.33
3.92
2.25
4.00
2.42
1.33
4.00
4.00
0.50
2.17
1.67
3.58
3.92
4.00
2.33
4.00
3.92
0.42
2.17
4.00
2.67
3.00
1.50
2.08
4.00
4.00
0.58
4.00
1.92
1.17
3.75
1.33
4.00
2.50
0.17
0.67
1.25
1.17
2.58
4.00
4.00
1.00
2.50
1.25
3.75
4.00
0.33
1.92
1.83
1.25
1.83
1.50
4.00
3.25
2.58
1.75
2.92
4.00
4.00
4.00
1.92
2.50
1.75
1.50
0.00
1.25
0.75
2.33
2.75
1.75
4.00
1.42
3.92
2.08
2.33
0.00
2.67
0.00
4.00
4.00
0.00
4.00
1.33
4.00
3.83
4.00
1.08
2.50
0.75
2.75
4.00
0.75
1.08
3.67
0.67
3.25
4.00
4.00
0.17
4.00
1.58
4.00
4.00
0.08
2.67
3.75
1.33
2.83
2.33
4.00
3.17
1.00
3.75
3.67
2.42
0.25
4.00
0.00
2.92
2.33
1.67
4.00
1.67
4.00
2.17
3.42
4.00
4.00
1.92
4.00
2.08
0.00
0.17
2.83
0.83
3.75
2.33
1.25
1.33
3.75
3.17
3.25
3.42
4.00
1.83
1.42
2.58
2.50
0.17
2.17
1.25
4.00
3.92
4.00
1.25
0.75
3.67
1.00
4.00
1.75
4.00
3.83
1.00
1.25
4.00
1.58
4.00
3.25
2.42
3.25
2.92
0.58
2.75
1.33
1.58
1.42
4.00
4.00
4.00
3.25
0.25
3.75
3.75
0.42
1.25
1.67
3.08
2.50
0.17
4.00
0.33
4.00
4.00
3.08
2.92
3.42
2.58
4.00
0.25
1.25
3.00
3.00
3.83
2.75
1.75
1.58
3.42
4.00
2.17
0.33
1.00
2.00
2.92
3.67
0.92
3.67
1.58
2.50
2.92
4.00
0.08
1.17
0.42
0.92
0.67
1.50
3.67
1.67
2.50
2.17
0.67
3.75
0.00
2.00
1.50
3.00
1.00
0.25
2.83
3.83
3.83
0.33
0.50
3.83
2.75
4.00
1.00
1.33
4.00
0.58
2.92
1.08
0.42
1.17
4.00
1.25
2.33
2.25
1.92
4.00
0.25
4.00
2.00
2.25
1.83
0.08
3.83
1.42
4.00
2.92
0.58
4.00
3.42
3.17
4.00
3.75
2.83
3.83
1.00
4.00
0.33
1.33
3.75
4.00
4.00
3.83
4.00
0.00
1.33
2.50
0.25
1.33
1.50
1.58
0.67
2.08
0.67
3.83
0.25
0.83
4.00
1.67
3.17
3.42
2.50
1.25
2.83
3.50
2.42
1.33
2.92
1.75
3.58
2.50
2.25
4.00
0.08
4.00
4.00
4.00
0.58
1.25
0.67
3.25
1.58
1.92
2.33
3.58
1.33
0.75
2.42
1.58
4.00
3.25
3.25
3.83
2.58
3.00
1.58
1.08
3.17
3.08
4.00
4.00
0.42
1.83
3.58
3.83
0.58
4.00
0.17
1.42
4.00
2.75
3.42
3.00
3.58
1.83
1.17
0.67
2.42
2.17
0.92
4.00
0.75
3.08
1.08
1.08
1.58
3.75
1.42
0.33
2.25
4.00
2.92
1.67
4.00
2.75
2.92
0.08
4.00
2.42
2.00
4.00
1.08
1.00
2.67
4.00
3.25
0.00
0.83
1.92
3.58
4.00
4.00
2.67
3.42
0.58
2.25
2.50
4.00
4.00
0.58
3.17
0.42
3.67
4.00
4.00
0.58
2.75
1.92
1.08
2.17
2.83
4.00
4.00
3.58
2.58
0.08
1.67
3.25
1.25
2.67
0.92
3.08
0.17
3.42
2.42
4.00
2.42
3.33
0.00
0.58
3.42
2.67
1.67
2.08
3.08
0.67
4.00
3.08
3.17
3.17
4.00
3.92
3.83
3.50
4.00
4.00
2.50
4.00
2.50
2.75
2.92
1.92
1.00
0.92
2.92
3.83
3.17
3.00
2.33
1.58
3.25
2.75
4.00
0.33
0.17
4.00
2.33
3.42
1.00
4.00
1.08
4.00
1.42
2.67
2.17
4.00
1.33
0.67
0.75
3.08
0.83
0.42
1.83
3.17
0.92
3.83
2.42
0.08
1.25
2.00
0.42
4.00
2.33
0.75
4.00
2.17
0.42
3.08
4.00
1.08
1.67
3.92
1.50
0.42
4.00
2.83
1.75
3.33
2.75
0.00
4.00
4.00
3.08
4.00
1.00
4.00
2.08
1.25
3.42
4.00
2.75
4.00
2.08
2.42
2.50
2.67
2.25
1.33
0.75
0.00
4.00
2.17
1.25
3.33
1.75
4.00
3.92
0.83
4.00
4.00
1.33
0.50
4.00
3.25
0.33
3.42
2.83
3.58
1.42
2.50
0.67
3.50
4.00
0.00
4.00
0.83
4.00
0.17
3.92
2.75
3.08
4.00
3.17
0.83
0.08
3.58
3.83
3.08
1.75
1.17
4.00
1.58
0.00
3.92
4.00
0.92
3.17
2.67
3.67
4.00
1.50
3.25
3.75
0.00
3.75
0.17
1.50
2.25
1.17
3.17
4.00
2.00
1.00
2.08
1.83
4.00
1.50
4.00
2.00
3.42
4.00
4.00
3.67
0.00
0.25
4.00
0.67
4.00
2.33
0.00
0.83
0.25
4.00
0.33
3.83
2.00
3.75
2.25
2.33
0.33
0.83
3.42
0.83
1.92
3.92
0.08
1.42
2.75
4.00
4.00
2.58
1.50
3.17
1.67
3.89
